1 63 17
2 91 94
3 95 81
4 88 16
5 76 32
6 89 82
7 91 24
8 85 67
9 60 4
10 100 86
11 57 6
12 69 26
13 76 21
14 79 28
15 96 28
16 75 37
17 60 25
18 90 25
19 72 73
20 70 21
21 84 25
22 59 30
23 50 37
24 56 35
25 71 90
26 71 6
27 97 58
28 71 31
29 100 85
30 67 94
31 94 78
32 78 99
33 100 49
34 55 44
35 70 26
36 100 41
37 51 91
38 58 21
39 99 43
40 76 62
41 84 30
42 52 58
43 97 85
44 94 64
45 93 96
46 88 61
47 85 54
48 71 93
49 97 34
50 98 78
51 68 6
52 79 16
53 88 17
54 58 91
55 69 55
56 63 8
57 82 91
58 92 96
59 62 94
60 93 11
61 54 27
62 99 66
63 59 84
64 81 20
65 97 68
66 72 22
67 93 54
68 98 14
69 72 4
70 91 24
71 63 73
72 83 87
73 83 3
74 86 35
75 68 68
76 100 72
77 60 42
78 87 14
79 70 95
80 68 6
81 92 77
82 93 39
83 72 72
84 79 33
85 99 29
86 51 68
87 94 76
88 98 42
89 64 12
90 55 91
91 64 4
92 89 51
93 73 53
94 82 17
95 80 24
96 70 74
97 91 31
98 92 29
99 79 4
100 77 88
101 96 98
102 91 14
103 96 97
104 63 31
105 87 54
106 96 24
107 98 23
108 81 21
109 95 79
110 81 23
111 82 88
112 87 13
113 93 39
114 51 22
115 62 66
116 77 9
117 51 99
118 69 5
119 92 20
120 98 69
121 91 13
122 61 93
123 73 87
124 60 30
125 82 28
126 76 59
127 75 75
128 91 54
129 60 47
130 72 3
131 100 10
132 52 4
133 64 72
134 86 37
135 74 46
136 90 34
137 87 67
138 95 7
139 96 43
140 55 94
141 59 73
142 72 99
143 64 41
144 99 80
145 94 61
146 56 88
147 59 7
148 100 49
149 69 7
150 89 42
151 92 47
152 98 97
153 54 32
154 98 73
155 76 52
156 79 83
157 63 8
158 65 34
159 62 23
160 96 31
161 68 6
162 59 50
163 86 59
164 60 55
165 79 3
166 92 83
167 82 4
168 59 94
169 84 65
170 78 79
171 81 77
172 99 92
173 86 42
174 100 7
175 59 22
176 72 77
177 57 13
178 80 19
179 56 61
180 65 25
181 78 96
182 94 70
183 78 51
184 54 51
185 97 25
186 100 96
187 84 22
188 66 47
189 79 24
190 75 64
191 53 19
192 71 34
193 83 34
194 96 1
195 88 10
196 65 65
197 64 4
198 74 100
199 94 16
200 54 32
201 85 96
202 51 93
203 93 95
204 100 18
205 92 10
206 92 69
207 82 44
208 67 54
209 84 62
210 96 81
211 54 79
212 60 2
213 73 74
214 94 30
215 82 63
216 64 97
217 77 99
218 93 48
219 94 91
220 67 80
221 90 36
222 82 86
223 94 1
224 88 58
225 94 43
226 59 50
227 52 72
228 54 56
229 71 10
230 57 18
231 84 36
232 83 73
233 73 59
234 62 88
235 55 81
236 100 57
237 56 24
238 64 47
239 55 17
240 94 75
241 50 24
242 61 98
243 63 38
244 73 66
245 68 6
246 80 4
247 75 0
248 78 69
249 88 23
250 59 91
251 72 100
252 91 33
253 85 43
254 71 43
255 80 74
256 93 96
257 82 49
258 64 44
259 98 30
260 73 31
261 74 5
262 52 1
263 70 5
264 88 39
265 60 89
266 56 42
267 94 58
268 84 1
269 67 38
270 81 27
271 53 20
272 55 63
273 89 58
274 97 97
275 98 6
276 100 91
277 50 1
278 97 93
279 78 66
280 62 100
281 60 100
282 100 27
283 82 54
284 91 57
285 55 44
286 73 94
287 63 4
288 60 23
289 53 71
290 51 74
291 79 65
292 54 33
293 87 30
294 94 85
295 90 91
296 61 98
297 67 98
298 95 92
299 61 80
300 89 98
301 99 91
302 77 80
303 91 3
304 74 71
305 65 95
306 62 81
307 72 25
308 87 75
309 61 85
310 53 9
311 83 52
312 82 73
313 83 39
314 81 29
315 61 56
316 50 11
317 64 57
318 69 12
319 61 30
320 52 70
321 57 38
322 56 37
323 69 94
324 94 40
325 53 11
326 89 92
327 94 14
328 98 51
329 62 69
330 89 18
331 77 81
332 89 41
333 85 42
334 81 30
335 76 53
336 52 28
337 69 18
338 65 39
339 83 27
340 70 78
341 98 99
342 96 63
343 94 95
344 70 83
345 86 48
346 79 89
347 74 77
348 56 18
349 71 12
350 85 73
351 57 4
352 52 41
353 98 24
354 96 98
355 73 43
356 61 73
357 88 42
358 87 32
359 82 50
360 79 19
361 85 79
362 63 6
363 60 73
364 71 20
365 71 70
366 85 5
367 85 73
368 80 96
369 76 19
370 69 11
371 67 26
372 90 52
373 92 79
374 90 75
375 53 32
376 77 10
377 64 84
378 70 87
379 85 93
380 93 64
381 83 1
382 92 54
383 58 78
384 65 25
385 89 91
386 72 22
387 87 80
388 99 71
389 67 45
390 60 61
391 81 45
392 56 4
393 65 35
394 72 22
395 89 75
396 90 41
397 89 19
398 58 40
399 74 51
400 94 83
401 70 50
402 61 75
403 52 10
404 59 4
405 62 81
406 59 80
407 81 63
408 53 75
409 95 82
410 92 94
411 86 22
412 94 39
413 85 6
414 64 46
415 94 11
416 58 67
417 88 89
418 81 16
419 58 31
420 64 94
421 64 46
422 75 44
423 54 10
424 54 4
425 66 30
426 83 8
427 51 42
428 86 78
429 92 27
430 72 79
431 54 30
432 54 73
433 69 32
434 81 5
435 62 6
436 66 61
437 79 16
438 100 99
439 74 49
440 56 5
441 87 39
442 69 73
443 72 32
444 74 38
445 62 67
446 74 57
447 85 53
448 80 49
449 75 80
450 63 39
451 73 83
452 63 50
453 77 63
454 91 91
455 78 10
456 77 100
457 69 50
458 89 94
459 78 66
460 57 32
461 92 90
462 58 46
463 77 54
464 56 77
465 59 69
466 63 56
467 87 66
468 88 17
469 78 66
470 86 90
471 63 26
472 89 83
473 99 61
474 71 36
475 70 84
476 60 73
477 55 56
478 95 50
479 97 17
480 79 98
481 69 85
482 94 6
483 59 92
484 92 42
485 88 53
486 51 3
487 85 33
488 98 78
489 67 0
490 52 7
491 77 73
492 95 63
493 66 22
494 89 53
495 80 55
496 90 79
497 85 54
498 100 29
499 65 78
500 76 75
501 88 52
502 89 86
503 100 83
504 70 38
505 79 57
506 90 98
507 84 57
508 79 29
509 76 67
510 88 57
511 51 8
512 71 83
513 99 48
514 98 3
515 71 91
516 86 34
517 58 12
518 86 71
519 90 32
520 51 20
521 50 46
522 62 15
523 100 96
524 82 6
525 61 20
526 94 71
527 61 76
528 52 27
529 58 53
530 75 89
531 82 48
532 95 55
533 53 55
534 76 74
535 55 62
536 91 54
537 55 42
538 62 87
539 64 84
540 66 60
541 56 22
542 60 30
543 80 68
544 86 55
545 90 95
546 59 92
547 88 28
548 86 69
549 66 24
550 87 17
551 74 21
552 85 95
553 65 46
554 74 17
555 70 17
556 55 33
557 74 91
558 68 11
559 95 42
560 89 94
561 77 15
562 86 72
563 60 19
564 55 52
565 70 35
566 63 57
567 60 94
568 55 62
569 89 1
570 84 34
571 54 43
572 56 82
573 59 61
574 51 28
575 95 3
576 67 23
577 76 13
578 76 34
579 77 85
580 75 88
581 88 5
582 63 57
583 76 36
584 73 3
585 93 17
586 78 32
587 68 44
588 98 74
589 81 81
590 73 42
591 51 43
592 91 3
593 79 59
594 54 86
595 94 90
596 83 47
597 88 5
598 63 18
599 81 26
600 63 43
601 65 97
602 56 20
603 61 64
604 70 75
605 100 97
606 65 58
607 59 92
608 53 53
609 76 73
610 58 54
611 78 3
612 100 95
613 79 83
614 59 7
615 66 5
616 66 73
617 75 0
618 97 50
619 63 70
620 87 69
621 95 67
622 59 43
623 88 72
624 50 59
625 85 18
626 63 9
627 57 2
628 81 27
629 65 18
630 74 18
631 93 22
632 85 13
633 63 52
634 75 16
635 93 79
636 58 51
637 84 80
638 93 33
639 84 1
640 75 58
641 63 8
642 96 58
643 89 20
644 60 9
645 67 70
646 94 37
647 92 66
648 98 68
649 65 36
650 61 82
651 67 86
652 72 62
653 95 50
654 67 80
655 93 54
656 76 80
657 87 66
658 87 28
659 74 96
660 65 50
661 78 41
662 86 39
663 90 98
664 57 43
665 70 73
666 74 77
667 87 58
668 89 42
669 65 67
670 88 51
671 97 34
672 56 97
673 75 41
674 61 29
675 78 76
676 78 81
677 53 5
678 78 0
679 91 77
680 94 29
681 62 22
682 50 19
683 95 58
684 98 66
685 82 61
686 100 10
687 50 36
688 90 86
689 79 2
690 54 93
691 67 37
692 52 31
693 88 21
694 60 20
695 88 85
696 55 85
697 54 60
698 51 19
699 81 25
700 87 72
701 71 51
702 97 53
703 66 100
704 68 48
705 52 56
706 98 43
707 63 19
708 59 35
709 73 65
710 68 24
711 63 81
712 97 38
713 70 23
714 90 40
715 89 43
716 50 22
717 61 4
718 95 69
719 67 53
720 84 92
721 60 42
722 50 93
723 60 41
724 94 14
725 56 72
726 91 57
727 85 39
728 91 17
729 50 56
730 53 45
731 91 87
732 57 58
733 56 21
734 57 99
735 76 14
736 80 98
737 83 28
738 78 76
739 69 10
740 80 10
741 58 22
742 73 96
743 85 53
744 65 14
745 77 32
746 59 20
747 74 44
748 69 48
749 95 39
750 82 12
751 93 46
752 93 65
753 76 44
754 95 8
755 60 54
756 53 92
757 99 29
758 63 29
759 83 50
760 93 41
761 67 52
762 54 60
763 78 2
764 69 74
765 65 42
766 87 9
767 84 92
768 80 65
769 74 83
770 81 40
771 89 1
772 78 30
773 76 48
774 74 28
775 90 8
776 86 20
777 96 28
778 88 94
779 63 41
780 56 35
781 91 33
782 99 81
783 80 49
784 91 81
785 98 39
786 84 41
787 91 43
788 88 36
789 96 26
790 60 73
791 72 13
792 70 98
793 72 100
794 94 92
795 78 62
796 62 1
797 78 20
798 61 73
799 78 41
800 59 18
801 86 44
802 98 70
803 79 64
804 97 19
805 100 32
806 80 65
807 78 86
808 87 44
809 89 90
810 86 14
811 70 27
812 72 55
813 93 96
814 77 100
815 82 43
816 78 54
817 60 55
818 50 99
819 80 9
820 85 50
821 57 3
822 61 33
823 82 15
824 56 95
825 97 35
826 78 21
827 80 69
828 84 37
829 68 35
830 61 14
831 54 30
832 51 14
833 75 92
834 98 78
835 82 34
836 91 89
837 54 41
838 54 81
839 86 48
840 71 50
841 52 40
842 55 1
843 52 64
844 50 36
845 97 37
846 53 83
847 83 41
848 73 15
849 68 73
850 70 33
851 100 51
852 86 68
853 69 20
854 76 67
855 70 72
856 97 22
857 60 39
858 60 65
859 57 24
860 76 59
861 55 41
862 99 65
863 99 49
864 84 59
865 76 68
866 66 12
867 90 4
868 96 41
869 65 14
870 71 77
871 58 33
872 54 95
873 89 80
874 67 17
875 84 56
876 96 53
877 65 21
878 59 64
879 62 25
880 85 95
881 66 56
882 75 64
883 78 76
884 72 53
885 75 62
886 89 81
887 85 100
888 55 6
889 76 67
890 89 13
891 100 37
892 78 68
893 88 60
894 54 45
895 100 61
896 91 55
897 72 24
898 86 57
899 57 80
900 67 82
901 63 68
902 77 96
903 95 60
904 100 11
905 92 76
906 60 77
907 62 71
908 88 14
909 76 2
910 84 92
911 72 92
912 75 2
913 69 59
914 50 58
915 85 76
916 83 36
917 68 73
918 54 24
919 57 9
920 73 52
921 53 59
922 89 10
923 61 59
924 76 44
925 53 91
926 63 87
927 95 8
928 63 23
929 62 36
930 89 89
931 87 92
932 56 79
933 94 5
934 93 86
935 65 11
936 57 33
937 90 94
938 59 2
939 59 4
940 93 50
941 50 83
942 87 87
943 65 40
944 94 56
945 76 49
946 54 80
947 57 47
948 61 71
949 84 84
950 65 100
951 59 26
952 62 29
953 59 63
954 57 95
955 69 58
956 72 20
957 56 74
958 53 3
959 79 32
960 72 98
961 84 85
962 81 43
963 87 13
964 70 21
965 69 6
966 97 18
967 97 100
968 76 84
969 55 78
970 50 46
971 71 40
972 93 57
973 62 48
974 56 65
975 75 0
976 56 75
977 95 35
978 94 70
979 53 6
980 73 100
981 52 6
982 51 40
983 71 28
984 98 43
985 90 30
986 80 33
987 80 83
988 87 26
989 62 53
990 77 67
991 88 47
992 54 62
993 86 58
994 69 76
995 61 28
996 64 72
997 59 50
998 93 82
999 64 18
1000 50 0
1001 94 28
1002 99 92
1003 62 59
1004 60 47
1005 85 62
1006 98 20
1007 55 1
1008 82 47
1009 94 74
1010 86 0
1011 58 56
1012 80 20
1013 77 98
1014 82 17
1015 90 76
1016 84 89
1017 93 82
1018 56 68
1019 81 68
1020 92 81
1021 85 66
1022 87 13
1023 76 35
1024 68 49
1025 63 66
1026 84 90
1027 85 86
1028 85 18
1029 94 42
1030 86 70
1031 90 46
1032 94 73
1033 65 86
1034 77 57
1035 60 29
1036 84 10
1037 93 27
1038 70 8
1039 84 33
1040 83 15
1041 55 50
1042 80 94
1043 71 61
1044 90 82
1045 56 35
1046 88 1
1047 96 10
1048 79 92
1049 87 9
1050 77 21
1051 50 58
1052 57 35
1053 69 65
1054 57 19
1055 93 66
1056 74 39
1057 82 10
1058 64 60
1059 94 21
1060 69 16
1061 54 7
1062 94 6
1063 65 5
1064 72 15
1065 89 29
1066 72 28
1067 100 49
1068 70 59
1069 69 28
1070 67 0
1071 80 66
1072 96 32
1073 65 76
1074 52 92
1075 97 64
1076 88 82
1077 85 11
1078 65 46
1079 94 92
1080 80 51
1081 61 13
1082 66 80
1083 57 18
1084 78 32
1085 74 86
1086 64 47
1087 98 14
1088 60 58
1089 70 76
1090 97 95
1091 95 28
1092 80 51
1093 50 56
1094 87 71
1095 55 39
1096 65 70
1097 53 100
1098 99 52
1099 92 77
1100 75 91
1101 67 28
1102 56 28
1103 99 65
1104 79 90
1105 86 90
1106 93 43
1107 76 68
1108 96 32
1109 69 54
1110 90 46
1111 56 7
1112 74 91
1113 67 78
1114 65 28
1115 89 16
1116 99 60
1117 67 45
1118 63 88
1119 86 79
1120 86 88
1121 100 70
1122 52 77
1123 66 97
1124 81 0
1125 56 55
1126 94 73
1127 67 3
1128 90 16
1129 59 45
