1 53 38
2 26 82
3 93 3
4 7 44
5 11 76
6 17 76
7 80 43
8 1 80
9 93 86
10 36 91
11 25 81
12 97 21
13 42 28
14 0 71
15 78 97
16 11 15
17 84 56
18 8 0
19 37 84
20 27 81
21 6 14
22 59 30
23 87 96
24 39 86
25 38 10
26 35 90
27 72 96
28 50 44
29 10 36
30 95 3
31 62 79
32 50 28
33 98 51
34 57 5
35 31 43
36 56 61
37 34 35
38 66 46
39 59 23
40 72 9
41 33 1
42 82 5
43 31 53
44 27 7
45 13 100
46 75 89
47 21 60
48 39 43
49 36 45
50 15 87
51 3 58
52 6 72
53 19 19
54 65 28
55 17 3
56 88 50
57 82 52
58 8 85
59 23 47
60 81 20
61 18 90
62 72 70
63 42 65
64 100 73
65 62 2
66 1 67
67 97 31
68 6 33
69 88 57
70 95 1
71 67 48
72 42 98
73 28 14
74 23 8
75 59 14
76 82 71
77 92 56
78 85 92
79 56 34
80 20 73
81 53 97
82 3 69
83 64 18
84 61 83
85 58 74
86 39 46
87 100 8
88 55 94
89 67 63
90 4 11
91 37 30
92 32 11
93 22 40
94 93 39
95 51 80
96 45 36
97 39 55
98 87 1
99 31 72
100 25 25
101 98 44
102 16 46
103 98 26
104 16 43
105 80 41
106 36 36
107 18 34
108 9 93
109 21 13
110 35 97
111 13 93
112 44 21
113 28 60
114 57 82
115 50 37
116 79 49
117 56 67
118 68 70
119 62 68
120 99 0
121 61 43
122 73 70
123 52 10
124 66 46
125 72 98
126 58 5
127 56 38
128 26 34
129 85 8
130 30 80
131 94 62
132 70 1
133 31 81
134 80 31
135 15 45
136 75 20
137 75 8
138 93 61
139 81 17
140 37 85
141 93 88
142 78 70
143 37 19
144 45 55
145 68 48
146 49 62
147 5 40
148 15 96
149 23 12
150 62 61
151 80 56
152 91 28
153 26 79
154 62 50
155 41 64
156 74 10
157 33 84
158 43 17
159 39 40
160 28 25
161 72 26
162 44 85
163 77 27
164 22 72
165 96 3
166 97 23
167 61 45
168 99 56
169 0 77
170 77 34
171 14 87
172 88 14
173 73 27
174 89 3
175 63 72
176 86 97
177 83 51
178 19 74
179 62 55
180 97 67
181 12 84
182 12 100
183 9 77
184 62 49
185 24 18
186 47 48
187 84 65
188 74 50
189 67 26
190 51 18
191 4 75
192 42 67
193 74 12
194 22 11
195 29 8
196 30 11
197 36 18
198 48 20
199 69 69
200 41 11
201 50 9
202 48 16
203 68 14
204 92 11
205 2 88
206 4 79
207 84 84
208 3 40
209 14 64
210 10 90
211 81 62
212 58 15
213 44 79
214 75 80
215 57 4
216 78 15
217 53 54
218 65 48
219 4 23
220 41 13
221 72 92
222 5 94
223 9 29
224 76 42
225 29 58
226 9 34
227 52 6
228 63 93
229 11 47
230 73 31
231 32 41
232 54 48
233 58 23
234 48 95
235 85 52
236 47 39
237 24 64
238 19 77
239 9 49
240 38 0
241 3 92
242 94 2
243 13 45
244 66 75
245 29 20
246 45 39
247 89 43
248 13 4
249 65 1
250 61 32
251 4 37
252 58 4
253 79 14
254 70 40
255 26 50
256 24 14
257 21 64
258 53 33
259 47 7
260 27 33
261 26 52
262 32 62
263 39 55
264 77 84
265 18 84
266 21 21
267 26 31
268 32 97
269 55 31
270 76 51
271 99 75
272 60 92
273 11 5
274 92 18
275 40 42
276 12 61
277 92 34
278 89 53
279 71 71
280 61 100
281 10 73
282 55 15
283 71 14
284 56 67
285 83 64
286 15 80
287 95 24
288 33 18
289 71 98
290 27 95
291 72 85
292 65 86
293 97 20
294 84 4
295 91 91
296 49 99
297 9 21
298 88 51
299 54 14
300 60 95
301 47 69
302 4 55
303 39 58
304 94 4
305 90 37
306 28 56
307 94 57
308 61 67
309 4 81
310 29 11
311 98 82
312 83 33
313 0 86
314 4 42
315 66 81
316 0 26
317 0 70
318 1 100
319 19 97
320 74 95
321 58 43
322 56 20
323 33 37
324 51 51
325 71 69
326 54 74
327 60 62
328 83 89
329 48 22
330 4 7
331 41 25
332 98 82
333 11 17
334 77 20
335 65 13
336 87 57
337 23 5
338 89 0
339 27 76
340 63 50
341 44 70
342 75 86
343 43 3
344 8 53
345 14 33
346 34 37
347 40 24
348 88 91
349 96 85
350 86 4
351 79 35
352 38 91
353 43 49
354 76 22
355 20 58
356 10 75
357 63 16
358 63 1
359 71 10
360 82 16
361 94 13
362 34 80
363 58 21
364 17 72
365 2 57
366 64 88
367 33 56
368 35 13
369 85 13
370 63 5
371 67 37
372 4 74
373 23 99
374 85 48
375 87 98
376 59 58
377 35 2
378 56 45
379 60 1
380 55 51
381 3 16
382 0 98
383 57 95
384 42 10
385 100 10
386 61 9
387 12 55
388 35 41
389 26 93
390 9 49
391 83 31
392 83 92
393 66 37
394 61 77
395 45 51
396 54 78
397 6 88
398 62 64
399 58 86
400 79 67
401 57 26
402 58 85
403 11 27
404 57 56
405 81 92
406 14 79
407 31 2
408 86 67
409 34 60
410 56 89
411 34 58
412 56 64
413 32 95
414 20 35
415 67 56
416 59 63
417 90 89
418 9 82
419 44 38
420 52 100
421 35 88
422 67 80
423 95 78
424 60 33
425 55 64
426 40 78
427 17 85
428 75 74
429 72 56
430 73 40
431 56 63
432 90 35
433 41 56
434 68 86
435 4 84
436 55 86
437 9 5
438 60 90
439 8 36
440 91 45
441 85 72
442 12 22
443 74 41
444 45 50
445 17 86
446 86 15
447 24 83
448 68 76
449 15 88
450 86 61
451 64 8
452 3 67
453 6 0
454 15 81
455 39 16
456 34 10
457 62 65
458 68 31
459 43 100
460 0 11
461 57 72
462 39 23
463 67 97
464 90 31
465 68 13
466 31 12
467 68 34
468 61 0
469 51 53
470 17 66
471 42 10
472 30 39
473 20 8
474 11 29
475 57 17
476 7 59
477 35 27
478 62 85
479 64 55
480 67 34
481 14 92
482 69 96
483 9 34
484 60 96
485 82 50
486 15 84
487 76 85
488 43 5
489 50 44
490 49 37
491 0 2
492 98 1
493 62 1
494 93 41
495 10 68
496 59 20
497 34 55
498 75 14
499 65 36
500 98 80
501 23 66
502 63 95
503 67 93
504 73 7
505 58 19
506 18 1
507 76 17
508 41 4
509 2 10
510 20 83
511 50 8
512 72 26
513 12 44
514 67 31
515 10 50
516 97 78
517 76 64
518 71 89
519 54 92
520 92 26
521 18 3
522 25 55
523 93 70
524 0 16
525 32 75
526 43 41
527 96 67
528 35 80
529 31 24
530 47 41
531 31 76
532 34 100
533 55 35
534 75 95
535 95 53
536 69 32
537 53 7
538 5 34
539 30 53
540 48 39
541 90 25
542 73 72
543 57 16
544 15 83
545 86 78
546 16 77
547 36 79
548 80 71
549 11 88
550 68 50
551 2 38
552 81 49
553 54 85
554 61 86
555 31 95
556 39 13
557 12 67
558 76 0
559 52 86
560 7 76
561 84 2
562 36 78
563 100 98
564 100 94
565 47 26
566 3 28
567 30 86
568 80 4
569 91 1
570 89 2
571 45 67
572 56 3
573 40 57
574 69 17
575 27 27
576 4 42
577 2 93
578 4 39
579 71 60
580 87 8
581 37 78
582 36 55
583 8 19
584 82 80
585 81 37
586 50 56
587 65 96
588 33 61
589 3 94
590 10 71
591 51 73
592 17 84
593 79 84
594 53 17
595 54 58
596 25 6
597 56 100
598 19 19
599 81 65
600 44 58
601 35 93
602 62 19
603 28 56
604 27 46
605 9 99
606 68 83
607 36 53
608 60 44
609 97 42
610 82 32
611 38 59
612 47 63
613 100 74
614 67 87
615 61 36
616 70 46
617 70 83
618 8 37
619 84 43
620 47 4
621 78 26
622 70 33
623 51 11
624 18 4
625 84 67
626 25 33
627 69 47
628 70 15
629 45 25
630 53 5
631 51 40
632 84 60
633 82 41
634 80 8
635 88 96
636 59 9
637 39 69
638 24 84
639 33 74
640 79 51
641 91 76
642 76 37
643 12 75
644 74 29
645 78 23
646 36 38
647 75 18
648 2 82
649 61 97
650 91 0
651 98 2
652 95 62
653 21 56
654 24 15
655 53 46
656 28 95
657 19 62
658 46 100
659 18 67
660 27 37
661 43 49
662 1 6
663 49 6
664 45 57
665 30 55
666 34 89
667 30 31
668 45 70
669 52 64
670 32 96
671 5 9
672 34 21
673 83 79
674 45 58
675 36 62
676 80 40
677 25 21
678 25 57
679 26 8
680 89 58
681 33 68
682 49 8
683 66 5
684 44 71
685 79 51
686 74 81
687 45 16
688 63 48
689 45 40
690 21 56
691 68 88
692 98 8
693 6 94
694 48 99
695 59 39
696 35 95
697 81 44
698 24 75
699 96 16
700 32 76
701 67 15
702 3 30
703 82 15
704 15 96
705 17 70
706 36 85
707 10 78
708 32 26
709 9 66
710 30 57
711 41 85
712 30 11
713 59 100
714 58 75
715 8 19
716 90 69
717 78 89
718 71 31
719 76 42
720 86 35
721 78 37
722 47 19
723 52 20
724 50 87
725 69 15
726 11 61
727 37 64
728 4 89
729 27 81
730 73 78
731 13 3
732 67 19
733 21 73
734 85 85
735 82 46
736 20 20
737 86 38
738 57 51
739 68 55
740 77 12
741 58 21
742 63 60
743 28 1
744 45 69
745 65 50
746 9 40
747 74 91
748 52 7
749 48 87
750 10 39
751 83 65
752 98 87
753 31 61
754 21 21
755 73 66
756 81 49
757 24 56
758 43 88
759 92 54
760 86 24
761 65 34
762 53 22
763 52 64
764 62 96
765 46 61
766 4 95
767 47 30
768 58 32
769 85 52
770 66 41
771 5 90
772 69 3
773 82 75
774 86 54
775 48 14
776 43 2
777 79 15
778 3 14
779 100 28
780 100 93
781 54 47
782 94 97
783 51 53
784 86 12
785 79 99
786 73 48
787 33 14
788 38 0
789 75 14
790 8 61
791 50 96
792 40 78
793 9 18
794 91 14
795 35 98
796 10 24
797 35 76
798 95 11
799 31 28
800 20 56
801 62 86
802 69 44
803 61 94
804 59 29
805 23 62
806 36 67
807 83 7
808 60 52
809 0 27
810 88 35
811 33 32
812 69 58
813 6 52
814 48 13
815 47 67
816 7 23
817 60 50
818 94 56
819 83 42
820 85 29
821 51 88
822 70 47
823 64 75
824 67 37
825 42 81
826 83 75
827 30 44
828 29 38
829 16 44
830 45 64
831 98 99
832 42 43
833 40 51
834 43 6
835 24 22
836 20 0
837 67 37
838 97 72
839 4 52
840 23 2
841 95 25
842 52 20
843 18 41
844 51 69
845 25 0
846 29 100
847 71 62
848 58 73
849 25 79
850 84 82
851 46 14
852 64 13
853 33 9
854 96 80
855 52 12
856 68 4
857 93 12
858 93 60
859 46 85
860 47 42
861 35 1
862 48 31
863 57 86
864 72 19
865 97 55
866 88 75
867 25 81
868 33 77
869 3 47
870 99 15
871 54 68
872 80 67
873 2 63
874 38 67
875 39 4
876 18 6
877 11 14
878 40 88
879 46 85
880 78 68
881 90 34
882 53 79
883 78 71
884 97 69
885 93 85
886 56 13
887 96 92
888 74 51
889 64 53
890 76 61
891 60 23
892 78 59
893 55 88
894 41 5
895 49 31
896 28 26
897 11 19
898 77 50
899 25 92
900 8 85
901 92 2
902 79 16
903 8 49
904 32 69
905 48 49
906 99 96
907 94 70
908 18 51
909 72 30
910 5 38
911 30 84
912 27 3
913 84 87
914 24 16
915 40 52
916 17 37
917 81 87
918 78 98
919 67 76
920 26 18
921 28 67
922 50 8
923 33 84
924 38 92
925 50 69
926 53 91
927 55 23
928 89 26
929 99 98
930 82 8
931 37 90
932 0 62
933 67 74
934 21 23
935 51 63
936 82 76
937 90 54
938 93 34
939 27 10
940 82 65
941 86 9
942 33 47
943 28 27
944 74 84
945 97 84
946 38 62
947 3 44
948 52 10
949 2 30
950 58 86
951 97 81
952 63 27
953 0 39
954 76 27
955 47 23
956 89 38
957 42 5
958 21 9
959 85 68
960 71 65
961 4 14
962 27 52
963 71 13
964 2 51
965 57 97
966 75 6
967 92 61
968 21 75
969 12 66
970 60 87
971 69 41
972 14 0
973 20 19
974 30 25
975 2 49
976 38 95
977 90 24
978 45 0
979 95 25
980 76 47
981 48 80
982 73 38
983 62 78
984 77 16
985 83 46
986 31 84
987 90 75
988 30 95
989 36 37
990 49 90
991 59 97
992 68 100
993 68 49
994 7 49
995 78 57
996 85 21
997 0 95
998 16 31
999 92 56
1000 26 13