1 11 94
2 61 66
3 78 4
4 59 73
5 63 16
6 91 34
7 79 36
8 26 55
9 91 6
10 5 52
11 61 81
12 40 21
13 69 73
14 92 97
15 74 39
16 99 56
17 63 55
18 22 10
19 10 66
20 52 70
21 92 7
22 68 61
23 93 27
24 39 70
25 46 47
26 17 52
27 97 62
28 81 38
29 55 3
30 47 58
31 15 84
32 67 13
33 90 21
34 97 82
35 14 82
36 27 17
37 32 72
38 70 86
39 93 68
40 46 42
41 67 95
42 70 74
43 57 49
44 67 31
45 50 14
46 97 88
47 64 51
48 73 10
49 65 27
50 17 98
51 100 91
52 29 39
53 79 20
54 83 54
55 54 9
56 94 21
57 100 89
58 12 38
59 21 11
60 55 70
61 81 25
62 80 49
63 100 96
64 69 3
65 7 50
66 34 65
67 92 20
68 78 11
69 44 75
70 71 94
71 8 70
72 71 11
73 10 92
74 80 83
75 53 75
76 18 85
77 42 40
78 43 73
79 43 6
80 59 50
81 54 33
82 79 92
83 30 94
84 66 39
85 6 51
86 76 93
87 10 66
88 25 88
89 46 94
90 97 38
91 44 20
92 83 39
93 54 69
94 40 33
95 70 58
96 3 25
97 20 72
98 75 96
99 6 61
100 36 7
101 80 53
102 88 95
103 28 80
104 29 90
105 29 58
106 4 4
107 75 7
108 59 67
109 2 35
110 25 46
111 16 65
112 8 95
113 45 75
114 19 78
115 19 66
116 54 36
117 21 45
118 42 38
119 38 49
120 69 77
121 35 30
122 58 63
123 49 19
124 97 13
125 18 82
126 81 23
127 20 53
128 88 40
129 78 7
130 13 42
131 27 38
132 88 41
133 48 5
134 57 10
135 69 67
136 50 19
137 14 30
138 36 51
139 2 12
140 57 80
141 57 28
142 14 64
143 36 24
144 45 18
145 40 44
146 28 66
147 90 28
148 99 11
149 45 31
150 40 7
151 65 64
152 4 66
153 57 83
154 56 21
155 58 29
156 61 84
157 48 100
158 99 25
159 65 1
160 17 19
161 25 57
162 29 90
163 65 97
164 33 89
165 68 89
166 47 41
167 82 2
168 7 42
169 35 71
170 8 72
171 48 95
172 98 15
173 20 23
174 77 97
175 42 30
176 31 28
177 73 90
178 15 22
179 83 43
180 48 59
181 20 5
182 57 43
183 97 95
184 75 52
185 43 79
186 43 26
187 66 80
188 67 48
189 9 8
190 26 26
191 81 80
192 11 39
193 17 24
194 6 20
195 34 31
196 16 82
197 41 51
198 79 81
199 7 35
200 18 13
201 10 71
202 60 66
203 73 47
204 92 11
205 41 45
206 5 79
207 92 3
208 3 68
209 42 88
210 8 57
211 62 28
212 87 7
213 50 74
214 23 93
215 1 72
216 11 68
217 74 26
218 15 33
219 19 92
220 12 89
221 54 42
222 97 11
223 71 5
224 24 92
225 58 11
226 81 64
227 73 92
228 48 95
229 44 85
230 17 17
231 37 64
232 67 20
233 15 77
234 84 44
235 44 97
236 65 51
237 88 65
238 33 89
239 79 49
240 17 66
241 30 86
242 45 65
243 1 29
244 18 72
245 41 11
246 22 8
247 12 46
248 49 36
249 5 75
250 27 4
251 85 88
252 54 17
253 84 65
254 42 44
255 9 30
256 88 3
257 66 100
258 17 12
259 40 68
260 25 96
261 43 97
262 86 49
263 16 97
264 92 42
265 44 12
266 66 93
267 2 29
268 13 28
269 71 87
270 13 6
271 89 86
272 25 92
273 42 10
274 57 32
275 41 2
276 49 16
277 57 20
278 43 87
279 97 74
280 85 26
281 71 40
282 50 73
283 27 47
284 100 2
285 69 81
286 34 18
287 17 3
288 19 97
289 84 59
290 54 4
291 65 58
292 27 27
293 24 46
294 68 73
295 78 12
296 90 75
297 8 47
298 37 87
299 52 16
300 73 89
301 12 61
302 54 45
303 69 12
304 32 62
305 26 23
306 25 98
307 23 11
308 90 69
309 10 93
310 11 64
311 30 94
312 39 84
313 98 34
314 8 100
315 45 61
316 32 91
317 78 23
318 25 73
319 37 91
320 90 86
321 79 49
322 38 47
323 68 64
324 24 76
325 74 3
326 68 94
327 54 59
328 8 54
329 4 22
330 43 49
331 72 72
332 30 5
333 73 55
334 30 48
335 29 63
336 23 31
337 51 46
338 50 63
339 23 99
340 41 20
341 76 32
342 11 43
343 28 49
344 21 36
345 96 95
346 21 74
347 59 47
348 76 66
349 49 26
350 72 38
351 93 69
352 14 37
353 53 57
354 4 90
355 98 72
356 20 93
357 60 51
358 78 50
359 33 9
360 61 84
361 9 35
362 61 10
363 10 98
364 12 91
365 68 61
366 53 44
367 58 56
368 30 72
369 42 95
370 34 17
371 75 88
372 16 77
373 16 77
374 86 91
375 1 36
376 72 1
377 92 6
378 83 66
379 33 67
380 49 24
381 47 26
382 44 98
383 83 25
384 95 40
385 80 39
386 62 21
387 94 76
388 41 19
389 55 55
390 53 45
391 31 50
392 8 54
393 79 2
394 12 76
395 65 59
396 95 13
397 85 32
398 39 38
399 84 91
400 13 63
401 13 87
402 3 28
403 92 64
404 14 33
405 29 53
406 16 12
407 34 27
408 79 26
409 76 12
410 58 25
411 83 78
412 5 2
413 37 68
414 2 1
415 78 21
416 90 89
417 90 49
418 34 32
419 87 69
420 27 37
421 2 7
422 88 38
423 20 71
424 75 75
425 23 42
426 11 6
427 20 71
428 64 9
429 33 43
430 63 14
431 6 24
432 3 65
433 88 8
434 3 56
435 71 64
436 70 95
437 87 1
438 7 48
439 54 47
440 40 85
441 17 12
442 45 13
443 39 43
444 20 37
445 70 75
446 90 29
447 91 61
448 82 50
449 40 7
450 96 80
451 81 34
452 78 11
453 66 21
454 37 79
455 49 29
456 50 23
457 42 61
458 71 62
459 2 66
460 46 70
461 96 6
462 66 31
463 95 96
464 75 2
465 21 58
466 73 56
467 71 59
468 37 90
469 100 78
470 94 42
471 41 13
472 84 76
473 37 55
474 16 36
475 44 2
476 36 84
477 98 10
478 81 9
479 12 77
480 60 56
481 32 8
482 57 64
483 15 24
484 51 27
485 10 12
486 92 9
487 27 12
488 4 99
489 89 17
490 54 57
491 54 18
492 65 51
493 11 76
494 1 55
495 45 92
496 98 7
497 51 8
498 45 39
499 76 36
500 14 72
501 80 69
502 81 74
503 61 99
504 5 9
505 76 70
506 53 43
507 63 7
508 4 31
509 49 48
510 19 74
511 37 47
512 50 82
513 16 48
514 35 14
515 17 94
516 24 84
517 26 55
518 90 34
519 75 14
520 43 5
521 1 84
522 58 89
523 58 49
524 100 54
525 1 62
526 82 21
527 16 81
528 82 69
529 100 37
530 55 59
531 27 48
532 23 46
533 96 41
534 65 68
535 9 19
536 10 12
537 80 96
538 45 25
539 98 70
540 91 62
541 11 44
542 32 93
543 12 23
544 29 13
545 7 61
546 11 25
547 95 96
548 79 44
549 38 50
550 60 93
551 27 4
552 60 91
553 27 29
554 32 56
555 29 32
556 78 47
557 33 98
558 7 71
559 27 88
560 67 90
561 78 95
562 59 89
563 39 27
564 80 40
565 91 49
566 25 10
567 95 1
568 14 23
569 100 62
570 36 1
571 55 69
572 93 81
573 83 56
574 80 41
575 33 81
576 50 31
577 23 51
578 83 69
579 72 28
580 48 84
581 80 35
582 23 72
583 99 37
584 42 46
585 40 53
586 49 70
587 93 4
588 22 21
589 27 53
590 7 96
591 67 61
592 23 29
593 26 84
594 93 56
595 24 31
596 15 39
597 1 70
598 78 11
599 48 85
600 41 28
601 57 28
602 66 38
603 74 9
604 12 81
605 12 59
606 6 86
607 84 35
608 98 95
609 81 47
610 55 75
611 70 36
612 90 91
613 10 44
614 86 48
615 5 4
616 95 75
617 9 85
618 73 61
619 30 6
620 77 8
621 97 94
622 16 74
623 47 19
624 27 31
625 99 69
626 1 77
627 80 100
628 1 7
629 71 1
630 7 96
631 64 49
632 32 5
633 45 31
634 51 82
635 91 45
636 32 23
637 96 36
638 41 75
639 96 73
640 96 5
641 73 51
642 91 99
643 94 3
644 98 72
645 43 42
646 93 50
647 94 6
648 66 36
649 6 38
650 79 45
651 62 97
652 21 33
653 52 41
654 42 6
655 81 67
656 11 71
657 55 25
658 71 30
659 38 7
660 15 33
661 90 97
662 31 36
663 51 14
664 47 68
665 54 30
666 54 23
667 74 77
668 15 65
669 12 33
670 95 67
671 14 49
672 48 86
673 7 69
674 84 23
675 46 4
676 61 51
677 56 51
678 96 83
679 2 47
680 97 81
681 82 92
682 75 21
683 58 100
684 84 100
685 29 74
686 87 66
687 87 58
688 7 48
689 28 84
690 77 6
691 59 73
692 63 24
693 43 56
694 33 48
695 40 85
696 59 16
697 1 31
698 13 98
699 84 25
700 96 98
701 56 77
702 63 82
703 69 85
704 62 47
705 66 39
706 25 22
707 100 83
708 49 57
709 99 66
710 80 9
711 52 79
712 64 7
713 2 45
714 69 56
715 45 22
716 6 59
717 8 62
718 77 32
719 2 70
720 29 24
721 52 7
722 97 32
723 70 22
724 63 9
725 35 8
726 25 45
727 29 3
728 95 3
729 94 72
730 32 93
731 51 75
732 79 27
733 95 36
734 31 58
735 9 88
736 54 63
737 44 91
738 76 50
739 70 5
740 12 31
741 57 27
742 71 98
743 52 51
744 23 43
745 8 89
746 83 95
747 77 99
748 29 60
749 38 64
750 80 99
751 15 16
752 96 9
753 40 85
754 9 99
755 69 90
756 78 18
757 79 26
758 33 43
759 38 94
760 57 98
761 48 50
762 45 9
763 88 17
764 29 18
765 13 95
766 64 34
767 59 10
768 88 22
769 66 97
770 32 49
771 72 9
772 87 31
773 30 17
774 75 34
775 100 46
776 92 55
777 46 100
778 69 53
779 16 18
780 24 14
781 10 83
782 10 63
783 76 53
784 74 46
785 16 56
786 18 61
787 50 44
788 30 18
789 81 63
790 40 76
791 59 78
792 64 72
793 41 36
794 82 12
795 34 31
796 28 8
797 71 96
798 29 63
799 79 24
800 35 24
801 45 55
802 10 27
803 43 25
804 26 68
805 8 45
806 64 92
807 11 29
808 23 88
809 40 36
810 38 1
811 28 46
812 13 51
813 56 21
814 32 17
815 59 22
816 56 79
817 47 23
818 87 11
819 93 39
820 52 53
821 31 74
822 89 84
823 42 99
824 1 46
825 90 82
826 22 83
827 18 40
828 34 98
829 95 15
830 42 75
831 70 53
832 45 54
833 20 34
834 27 11
835 26 86
836 93 97
837 99 21
838 83 46
839 18 60
840 16 69
841 54 63
842 34 47
843 49 26
844 28 42
845 22 59
846 93 29
847 92 28
848 22 79
849 85 88
850 37 67
851 87 52
852 87 12
853 20 100
854 39 89
855 58 16
856 35 10
857 6 90
858 32 85
859 80 1
860 5 82
861 56 45
862 76 48
863 39 74
864 100 30
865 58 55
866 87 36
867 3 39
868 53 35
869 65 66
870 6 79
871 45 80
872 81 3
873 49 91
874 21 50
875 58 35
876 18 99
877 21 15
878 53 5
879 41 70
880 49 66
881 12 50
882 20 19
883 21 8
884 87 96
885 61 45
886 32 98
887 60 55
888 56 25
889 28 91
890 30 36
891 91 40
892 48 15
893 3 19
894 97 47
895 100 81
896 4 63
897 90 89
898 67 84
899 70 23
900 14 75
901 43 1
902 48 78
903 91 58
904 51 65
905 36 40
906 16 33
907 85 73
908 34 4
909 56 43
910 51 83
911 62 85
912 19 60
913 98 93
914 4 95
915 74 88
916 31 67
917 75 20
918 53 79
919 53 13
920 26 38
921 66 10
922 88 47
923 24 22
924 40 14
925 92 77
926 66 58
927 88 94
928 42 29
929 96 62
930 79 41
931 89 48
932 64 95
933 46 26
934 21 82
935 60 22
936 87 2
937 57 47
938 25 59
939 93 46
940 92 19
941 46 70
942 56 78
943 27 62
944 40 75
945 28 60
946 57 3
947 97 75
948 62 61
949 28 26
950 65 7
951 45 3
952 100 100
953 43 5
954 84 94
955 69 59
956 27 7
957 41 33
958 87 63
959 72 96
960 11 94
961 10 10
962 30 46
963 49 58
964 13 23
965 54 24
966 29 65
967 61 94
968 23 37
969 10 85
970 97 22
971 74 66
972 31 14
973 28 69
974 83 57
975 80 89
976 62 22
977 82 23
978 79 6
979 59 28
980 1 31
981 47 67
982 4 95
983 26 3
984 57 44
985 67 40
986 31 31
987 43 43
988 21 14
989 18 67
990 90 6
991 82 90
992 1 84
993 42 97
994 75 93
995 96 80
996 6 12
997 29 68
998 92 98
999 68 6
1000 8 3
1001 94 95
1002 30 46
1003 1 69
1004 31 38
1005 26 94
1006 26 88
1007 26 86
1008 63 99
1009 23 10
1010 46 69
1011 59 68
1012 6 44
1013 82 36
1014 15 96
1015 43 87
1016 55 38
1017 18 62
1018 5 16
1019 97 80
1020 6 95
1021 72 3
1022 7 5
1023 71 16
1024 98 52
1025 48 33
